0.2431684486423511,0.24628282828733047,0.2546139394550366,0.2559347836152818
0.24363390877110727,0.24744127243091396,0.2537367518118339,0.2551880669861449
0.24547970490122084,0.24725268251843477,0.25171772749646054,0.2555498850838838
0.2527684460799175,0.2364948512824898,0.2520356999451126,0.25870100269248014
0.24927389509762876,0.2391947758920352,0.25713260376452735,0.25439872524580864
0.2549869560962308,0.2500366286656571,0.24624198956377377,0.24873442567433846
0.2414878375373463,0.23943829713331746,0.25684101657495445,0.26223284875438174
0.24889767212951122,0.25338094707775616,0.2474204865485796,0.2503008942441531
0.2521790426295401,0.24206066595425133,0.2514681263322052,0.25429216508400326
0.2479526288602322,0.24445839553128426,0.25165754248549027,0.2559314331229932
0.2458073344271391,0.2559179312595267,0.2478902419736941,0.2503844923396401
0.2482025414186567,0.25476404069365205,0.24833542081384274,0.24869799707384851
0.24781047488482424,0.24616962589197136,0.2512760080620774,0.254743891161127
0.25549455131785076,0.2504772014863303,0.2462735953873619,0.2477546518084571
0.25600387386935747,0.24551053290878744,0.2489868776900945,0.24949871553176062
0.24780851761774306,0.2389052681931261,0.25463609115351576,0.258650123035615
0.2545760182219696,0.25182095676610833,0.24601465548746304,0.24758836952445903
0.2563611957311341,0.24016272169142358,0.24954001153674168,0.25393607104070076
0.2525701742897382,0.24232302894694022,0.25089399814877955,0.254212798614542
0.25682340817661065,0.24792804893800033,0.24640620726208962,0.24884233562329947
0.251880424955163,0.2361494344650739,0.2533732217493425,0.25859691883042063
0.2540483356256164,0.24632585539741703,0.24791737813959092,0.2517084308373757
0.2534150730821399,0.23484794326992212,0.2534120627458248,0.2583249209021132
0.25347175945433714,0.25388175427249393,0.24569718616092454,0.24694930011224434
0.25325428891151275,0.25049838254896006,0.24725819571472887,0.2489891328247984
0.24375106378316724,0.23430112298802172,0.2572195056151398,0.2647283076136712
0.24449227246418684,0.2353725067365681,0.2569728942485575,0.2631623265506875
0.2530475747957775,0.2368405322425227,0.25290089330861304,0.25721099965308675
0.24958205302569084,0.2530076058266549,0.24830480092355475,0.24910554022409948
0.2554011748124903,0.24615481167711972,0.25000766801855756,0.24843634549183238
0.2484089754028441,0.2350811250905351,0.2549197862872905,0.2615901132193303
0.25038847573655704,0.23670093001488404,0.25407430895003275,0.25883628529852615
0.2477297742382277,0.23662519821584926,0.25523055550144125,0.2604144720444818
0.2556982941763765,0.2363065016890662,0.25257798515421964,0.2554172189803377
0.2554781870279102,0.2496950994005094,0.24622974354577218,0.24859697002580808
0.24718434907202327,0.23670831053899513,0.25535584829590885,0.26075149209307275
0.2526744950341458,0.24696772556038693,0.248754561527101,0.25160321787836626
0.24775506527846491,0.23525340380748713,0.255303204359571,0.261688326554477
0.2462768421411546,0.24169019369319067,0.253950938125025,0.25808202604062974
0.25033908501486263,0.24269172414169804,0.25210152462705043,0.25486766621638873
0.24881797773083117,0.245210872863993,0.2511344130929613,0.2548367363122145
0.25321564434831656,0.2334922849739912,0.25340229798587466,0.2598897726918176
0.24749224014381818,0.255948689392053,0.24717383053060607,0.24938523993352277
0.2450655315269535,0.24963031080967424,0.2506991169882979,0.2546050406750744
0.2467940760007453,0.25510674033551395,0.2477142756273505,0.2503849080363903
0.247067886560993,0.25643004742764,0.24711496202661085,0.24938710398475616
0.24569719496105116,0.25366779109106247,0.24912476385657556,0.25151025009131084
0.24695869252301172,0.25320266275469333,0.24853639053910156,0.25130225418319335
0.24469599370545014,0.2529034151167205,0.2494372655152083,0.252963325662621
0.24787081622336338,0.2568586152122699,0.2466871552772488,0.24858341328711794
0.2483011817846861,0.25696409409213267,0.2466152302943687,0.24811949382881257
0.24564940395163737,0.25057882603117204,0.2501793474775068,0.2535924225396838
0.24405819932993641,0.24414773420297897,0.2532671857861463,0.2585268806809383
0.24802836539144538,0.25694412179545273,0.2468946353762227,0.24813287743687915
0.24727199478760367,0.2551510004800014,0.24788681054282202,0.24969019418957292
0.24066500882945088,0.23867909239954188,0.25667348479732055,0.2639824139736867
0.24216480154115702,0.24604919654636917,0.2519372109484747,0.2598487909639991
0.24196175678625423,0.23510514798011803,0.26291363956505415,0.2600194556685736
0.24636970075241346,0.24783049373475097,0.2528025464031937,0.2529972591096418
0.24671129086818358,0.25088970496804874,0.24998450986228737,0.2524144943014803
0.2450649050459198,0.24769446150741767,0.2515706706100627,0.2556699628365997
0.23799393185938544,0.23415790935639214,0.2599505387959648,0.2678976199882575
0.24635865218239553,0.2500867851456677,0.24954121696427667,0.25401334570766027
0.2494909502246332,0.2512310939542551,0.24877846336482778,0.25049949245628383
0.24591767413762813,0.2471808184770422,0.2515397167622054,0.2553617906231243
0.23873240937386717,0.23564938150831358,0.258049015274165,0.26756919384365424
0.24670913929049051,0.25492104032502183,0.2483961293598714,0.24997369102461622
0.24823219242152342,0.2556849453158982,0.24789155381275355,0.24819130844982484
0.24427616137659156,0.2505353545983784,0.250893145523486,0.254295338501544
0.24222596848770847,0.2283566820145836,0.2685139706898144,0.26090337880789344
0.24411092364294293,0.24284412137427872,0.25315423439636986,0.25989072058640866
0.24295887241183126,0.25078480651689145,0.25073936395698476,0.25551695711429245
0.24650403492713344,0.25314902409173223,0.24872895540968532,0.25161798557144904
0.2447199186866622,0.25219189680916304,0.24956742350643832,0.2535207609977365
0.24617333245030534,0.2541343957551054,0.24851616240342753,0.2511761093911617
0.2468181131609257,0.24514030922723964,0.2524740686628401,0.2555675089489945
0.24511737388155877,0.2508706523615051,0.24979780124526882,0.2542141725116673
0.2372329915427974,0.23306303802791675,0.2600907905879331,0.2696131798413527
0.2455176311245055,0.24675221304609643,0.25189039857993506,0.255839757249463
0.24604110163801463,0.2533562753117828,0.24884771092553462,0.251754912124668
0.24242401322139953,0.23971625325005083,0.25655727198184564,0.26130246154670406
0.24526913642094764,0.2538312319620005,0.24884144380936765,0.25205818780768424
0.23377068160930123,0.2273476889535833,0.2639171521482642,0.2749644772888512
0.24330535306854018,0.24331226774821504,0.2536552513377683,0.25972712784547636
0.2435525674015366,0.24524440675602835,0.2535032475430303,0.25769977829940477
0.24754597398716957,0.2490595580711459,0.25031760359095095,0.2530768643507335
0.2431395699587284,0.24567781343415904,0.25286506333648046,0.25831755327063216
0.248758181293925,0.2536331060673961,0.24800198065235746,0.24960673198632155
0.23972958610901962,0.24127406878761182,0.2561921962053712,0.26280414889799736
0.24114371714325358,0.23549718553385093,0.25710577532309126,0.26625332199980417
0.23742178572921616,0.22531885868161416,0.2655736849433384,0.2716856706458313
0.2399728685478775,0.23857676526373486,0.2578898337197189,0.26356053246866873
0.24261990304397066,0.24463322111585742,0.25333821782227584,0.2594086580178961
0.24307226200140697,0.23832104738885243,0.2555788466237077,0.26302784398603285
0.2389651720772318,0.23426255366491708,0.258647145371052,0.2681251288867991
0.2455969053402275,0.24552776536260953,0.25360623367923224,0.2552690956179307
0.24871765440679164,0.24807032052853542,0.24995644779861884,0.25325557726605413
0.2473176362680073,0.2525361466522013,0.2483662915741132,0.2517799255056782
0.23930513317942348,0.23173709458219893,0.2605397131735693,0.2684180590648083
0.24701072846721508,0.2564528378711914,0.246940572448087,0.24959586121350652
0.24508020649425546,0.247168550323381,0.25190816801182875,0.25584307517053484
0.24291916665441973,0.24218302687450477,0.2549670020252132,0.25993080444586225
0.24537421345153868,0.25026709177760637,0.250686513196075,0.25367218157478
0.24337119340831526,0.24678268653060828,0.25245524441357564,0.257390875647501
0.2383114426934174,0.23591084066624954,0.25966916573174426,0.26610855090858887
0.24553524542797997,0.24811528594631713,0.25117603242935493,0.25517343619634797
0.2456500384962247,0.2505997912610399,0.2501877054539468,0.25356246478878847
0.24441870805393293,0.25045555263131747,0.2512272090538747,0.25389853026087494
0.24471942527602628,0.25070255089211213,0.25040313699554473,0.25417488683631684
0.24753066007531835,0.2556586436088988,0.2472568009074075,0.24955389540837533
0.24682928184615907,0.2510134300509167,0.24916184972238772,0.25299543838053645
0.2453532670312033,0.23933632235982283,0.2563470637586843,0.25896334685028954
0.2475905320824555,0.25284846055143256,0.2484655161663232,0.25109549119978875
0.24686819834184526,0.2544116192347896,0.24810647825026877,0.2506137041730964
0.24407815537463629,0.2412557163196419,0.2552923619534805,0.25937376635224135
0.24486691441509004,0.24577464941441782,0.2550753769977438,0.25428305917274835
0.24193817866227163,0.2379852564697029,0.2561053888259311,0.26397117604209436
0.24671845858695696,0.25385989398408804,0.24835129887485516,0.2510703485540999
0.24564528499953184,0.24764465997988505,0.25092057381257,0.2557894812080131
0.2394418904379685,0.2329144348879979,0.25991230153192757,0.2677313731421061
0.24676511052694183,0.23174271103592325,0.25753846040152106,0.2639537180356138
0.24455088986972506,0.24706292172558378,0.2524991868899223,0.2558870015147689
0.24608603180568714,0.2471235685260428,0.25100704842125615,0.25578335124701385
0.24098999870710788,0.2421277392100746,0.2551924312857062,0.2616898307971114
0.2456428870295524,0.23449258072610804,0.25671280515757017,0.2631517270867694
0.23989272051364466,0.24396440470062428,0.25473787655306773,0.26140499823266333
0.2466047392637354,0.2477646693710974,0.2531296288164031,0.252500962548764
0.24442452057234432,0.24128951280188257,0.2549003863816874,0.2593855802440857
0.24445351526079942,0.24493233131679384,0.2532775480045498,0.25733660541785686
0.23960228204246414,0.23265513854066677,0.2589671569481395,0.2687754224687296
0.2554481523759554,0.24885152965138915,0.24666298805936948,0.2490373299132859
0.2385946198086442,0.23499660303854328,0.25867465681565366,0.2677341203371589
0.2447162544133117,0.2561664975488477,0.2482345830791329,0.2508826649587077
0.2431681917792827,0.2503215603764469,0.25162319023355706,0.25488705761071334
0.2557425652052531,0.24884145339959665,0.24626454894725044,0.2491514324478998
0.2445037256053824,0.2519614412292882,0.24998357123343437,0.25355126193189503
0.24272508647567,0.2425146056616412,0.25409545350401264,0.26066485435867615
0.2475255248003955,0.2572566510343571,0.24746723949656088,0.24775058466868657
0.2432868239907671,0.2382085658190085,0.2551400248811995,0.2633645853090249
0.24428891090369845,0.24629742777116206,0.2552595348573147,0.2541541264678248
0.2471766186728627,0.25291822627070976,0.24884428820128032,0.25106086685514717
0.24169518259317144,0.24372153824952994,0.25513239150298656,0.25945088765431207
0.24322845350314581,0.24095030676832405,0.25861820840139094,0.25720303132713923
0.2417766040379871,0.2487127588200303,0.25235720483861784,0.25715343230336474
0.23811957806558348,0.24047242659239998,0.2568707446192891,0.26453725072272744
0.24198681814157588,0.2507469557192446,0.25144979046586957,0.2558164356733099
0.24717821187322855,0.2537329515955508,0.24876295883193988,0.2503258776992808
0.2447891331587313,0.25254551423556065,0.249117320781957,0.253548031823751
0.2468176774245773,0.24655409532003802,0.25298466677610704,0.2536435604792777
0.244115975918939,0.24410632485889075,0.25272906948991863,0.2590486297322517
0.24570999960404108,0.24502578158152635,0.25252355202066046,0.256740666793772
0.2451174149782527,0.2540044153131534,0.24917601941588077,0.2517021502927131
0.2391590948790954,0.2355919909635986,0.26060178119255883,0.26464713296474723
0.24082793838032826,0.23220839715128871,0.26040810607910925,0.26655555838927375
0.23570730665937797,0.23401904635519608,0.2600124564119301,0.2702611905734959
0.24135107753117754,0.24055510124744175,0.25582285248993064,0.26227096873145
0.24686361405832724,0.2541215944814165,0.24829938819304323,0.2507154032672129
0.24521757114162626,0.24607137452744096,0.2517579586675697,0.25695309566336305
0.24150344273412647,0.23723519274151386,0.25655481344128145,0.2647065510830781
0.25647748337911896,0.23559703869063006,0.2515315593251208,0.25639391860513017
0.2389399487303919,0.22965202091923728,0.2631542695710249,0.268253760779346
0.24361768409493156,0.24596662157482205,0.2524451980068256,0.2579704963234208
0.24013700563026233,0.24063891696808348,0.25601596211590805,0.2632081152857461
0.23591252707542898,0.23596880600066827,0.25997507840714323,0.2681435885167595
0.24682940832602498,0.25643295701428853,0.2472407325490998,0.24949690211058673
0.24276429583506154,0.24153853428347663,0.25497402840402567,0.26072314147743614
0.24303802423536883,0.24069752302488975,0.2547929274256755,0.2614715253140659
0.24688854800728632,0.25192733458901073,0.24881626760665934,0.2523678497970436
0.24177307402118384,0.24611287747595853,0.2540122163616608,0.25810183214119686
0.2423444242755777,0.24344043889474068,0.25671767805504614,0.2574974587746355
0.2440875202660436,0.24654820753134613,0.25220452259905024,0.25715974960356003
0.24581765536852473,0.24982893339004017,0.25042836719938594,0.25392504404204924
0.24333323727744358,0.2417575366588417,0.25355119636822016,0.26135802969549454
0.24573977893694052,0.2504181102973269,0.252702752534815,0.25113935823091754
0.2461787033311216,0.25616216282520876,0.2488447572388228,0.24881437660484687
0.24022002854309563,0.2348777652473879,0.2584072901836365,0.26649491602588
0.24616963458144725,0.24677552040526604,0.2519646720709614,0.25509017294232533
0.2481497228275802,0.2506106718606985,0.24949536761455618,0.2517442376971652
0.24498344296304195,0.24122771023253145,0.2541800645672157,0.2596087822372109
0.2477647603261144,0.25680196075325107,0.24697810964651543,0.24845516927411895
0.24140440845287792,0.2282209969234644,0.26814628011418223,0.2622283145094755
0.24594026561146043,0.25489686425693975,0.24865160197158487,0.25051126816001507
0.24545172097480142,0.2500418138812659,0.2507093784203138,0.25379708672361884
0.24408016818807102,0.25014453250751323,0.25100218423074044,0.25477311507367534
0.2499100660020894,0.23376058843867875,0.25510139932519105,0.26122794623404083
0.24654114326556045,0.23924984465597351,0.2549989287814747,0.2592100832969914
0.24526871413171827,0.2513857803056286,0.2501743036179121,0.2531712019447409
0.2492053072316095,0.2526136832781615,0.24805423288172965,0.2501267766084993
0.24468319065101596,0.24363426102862648,0.2535410217995539,0.2581415265208037
0.23851951657739356,0.22829588076355714,0.26365080505363986,0.26953379760540935
0.23684385131502547,0.2338650881047808,0.2608065276849882,0.26848453289520563
0.2510942948366996,0.25114747956114175,0.24886899782688812,0.24888922777527053
0.24857247837287652,0.24816789080688575,0.25252434833139537,0.2507352824888423
0.24390034641172167,0.23323239343604651,0.2651823137006332,0.2576849464515985
0.24391371787830948,0.23324123438035704,0.2651470212976315,0.25769802644370204
0.24708039545628635,0.24956693727540777,0.25418277515633797,0.24916989211196797
0.24648314376949246,0.2541526297387116,0.2507753667875891,0.24858885970420674
0.2544137693233592,0.2447913817692389,0.2512817002600981,0.2495131486473038
0.2456701487370978,0.24761609480331867,0.2559504703171158,0.25076328614246773
0.24379936642078673,0.24644690185234222,0.25862081547686006,0.2511329162500109
0.23932229569350902,0.22821945082135045,0.27398007608554303,0.2584781773995975
0.2488404886532929,0.2542644862575649,0.24925561700213483,0.24763940808700732
0.24890430482236414,0.2540203613722617,0.24904327485580213,0.24803205894957206
0.24797519386223457,0.24499048845769797,0.2549826556630232,0.25205166201704426
0.24137303108433003,0.22837650751238434,0.26877727711404586,0.26147318428923977
0.24578874459562236,0.24641693657350763,0.2556676888631937,0.25212662996767626
0.2494440553058864,0.25578961129575745,0.24756822266911596,0.24719811072924022
0.2413747562455438,0.2374431370137342,0.2664312197142518,0.2547508870264702
0.23916036299799728,0.22598062320563364,0.2763573567862688,0.25850165701010025
0.24013623845290386,0.24319277763870387,0.26254827875027986,0.2541227051581124
0.24672383376000762,0.2525551752158574,0.2519562027349886,0.24876478828914636
0.2479137279345752,0.2514583249062793,0.25105503011086167,0.249572917048284
0.2477202882348958,0.240569794685322,0.25858429690171597,0.2531256201780663
0.24642283271540677,0.23764127446202754,0.2613547544912738,0.2545811383312918
0.24510845221186625,0.23893146361969517,0.26139238527937425,0.25456769888906433
0.24716040674765702,0.23866477322222548,0.26024586922744936,0.2539289508026682
0.23964468309225728,0.23059401249856906,0.27155274612322167,0.25820855828595196
0.24002985126363383,0.23535018320097956,0.26810023481677153,0.25651973071861506
0.24663665150220818,0.2363793087545665,0.26535733457809413,0.25162670516513125
0.246075674570252,0.2525540883992356,0.25259831300833957,0.24877192402217285
0.242386946805995,0.24693186075473209,0.2590708461162245,0.25161034632304846
0.2531308435517426,0.24971991599853047,0.24965637749033298,0.247492862959394
0.23815822944153417,0.23397889293198382,0.272145041021388,0.25571783660509395
0.24955597698246804,0.2531888331996274,0.24969867673157273,0.24755651308633186
0.2573907028012725,0.24927520224271346,0.2469703369310304,0.2463637580249836
0.2569917166737263,0.24945251892737508,0.24709938806051077,0.24645637633838788
0.2404076178766427,0.2398765819685997,0.2666928311445023,0.25302296901025517
0.24509768040233204,0.2425134551484136,0.2604217264196588,0.2519671380295955
0.25044496819131495,0.2398768209427984,0.2574901224804656,0.252188088385421
0.24862773102773447,0.252367101711029,0.2504019212791542,0.2486032459820824
0.24477434102805132,0.23891397086309749,0.2621471102699843,0.2541645778388669
0.24106541449661376,0.24812106545312904,0.25920361411142584,0.25160990593883137
0.24420947060560028,0.23220774848080591,0.26756724828325956,0.2560155326303342
0.2475214339307563,0.23789051750633097,0.26092144872915307,0.25366659983375967
0.2597178891473842,0.24026002724287135,0.2511189897931581,0.24890309381658626
0.24565222520107896,0.2555271774445603,0.25079051734446073,0.2480300800099
0.254748291734322,0.2484148268020214,0.24937244670711312,0.24746443475654334
0.24613946247116344,0.24535005809882818,0.25708472590655257,0.2514257535234559
0.24633391653113876,0.2577376112794762,0.24880289124449342,0.2471255809448916
0.24729598819998558,0.23565699388293207,0.2640709978730526,0.25297602004402964
0.24342279689565374,0.2515193416450376,0.25568390410609393,0.2493739573532148
0.24953064193727417,0.23858838970100724,0.2592876674818944,0.2525933008798242
0.2545819335974973,0.2464923842265584,0.2503464997262502,0.24857918244969404
0.25457461930511555,0.24657643291234999,0.2506156955511758,0.24823325223135864
0.2563200650688549,0.24875262449134394,0.24813047417039924,0.24679683626940194
0.2561876089098683,0.2488532827244975,0.24836253715285816,0.246596571212776
0.25312197609414827,0.24201966055781252,0.255151989560915,0.24970637378712426
0.2487260272305495,0.23966124322892526,0.2584263112477951,0.25318641829273014
0.2528383898727919,0.24198615971202353,0.2552130035502085,0.24996244686497607
0.2567695607667116,0.23904124616761993,0.2532506554297495,0.25093853763591895
0.2567695607667116,0.23904124616761993,0.2532506554297495,0.25093853763591895
0.2543857454320089,0.25231722357387776,0.246805715435217,0.24649131555889633
0.25595334991595603,0.24985028541894025,0.24752640973667236,0.24666995492843133
0.25446980639015643,0.24221647065919108,0.2534176078339165,0.249896115116736
0.25697638918787347,0.2375815926940499,0.25503910454981554,0.2504029135682612
0.2564877015261883,0.24179872033796057,0.25280345953403893,0.24891011860181222
0.25468651949979737,0.2522702015621575,0.24656558572575857,0.24647769321228666
0.2555665283738013,0.24487537961236153,0.2511671755852014,0.24839091642863578
0.2584353754621019,0.24275375154137882,0.25091841333317405,0.24789245966334528
0.25638229450793937,0.23794790241410738,0.2546457810331369,0.25102402204481633
0.25625843467937864,0.23324193364991655,0.25913614186813516,0.2513634898025697
0.2582426336474109,0.2442869311059986,0.2493531202219136,0.24811731502467693
0.25816558728988165,0.24246819862808544,0.2510241831632299,0.248342030918803
0.2579779933948426,0.24245075593849252,0.25103821077690075,0.24853303988976413
0.253274597613997,0.242303614811445,0.2548971097094003,0.24952467786515767
0.2522423173631235,0.2531299580183401,0.24760966070357618,0.24701806391496017
0.2507914376592328,0.2445630021157952,0.2544127179952082,0.2502328422297638
0.23804020121291636,0.23741947520881035,0.2689164841533188,0.25562383942495454
0.24560258182533376,0.24986379538673986,0.2538832022432443,0.2506504205446822
0.24164931475863027,0.24016471030777128,0.26543588276766644,0.25275009216593197
0.24700352228726494,0.2584233893004844,0.24802173080146497,0.24655135761078564
0.24422897206749214,0.23974575635453468,0.2623654700803213,0.2536598014976519
0.25690303299054046,0.24624709753635174,0.24861741159501338,0.24823245787809442
0.25585957720980795,0.2392410526905038,0.2540349068143624,0.25086446328532575
0.2500510072160133,0.24984140833457866,0.2507766350154783,0.24933094943392983
0.24512962214696596,0.23026104215732232,0.26541666579755435,0.2591926698981574
0.2472779618399316,0.2540823978497662,0.24982369147836406,0.24881594883193814
0.24590611259107328,0.25680268687623126,0.24985280659316597,0.2474383939395295
0.2587068257174075,0.23942046650234916,0.2519441264883839,0.2499285812918595
0.2601174790714403,0.23907705299738147,0.2516813412003473,0.24912412673083092
0.2533581100785177,0.2535382049580984,0.24645969536456483,0.24664398959881903
0.24788622276904923,0.2558488271917296,0.24891491716951164,0.24735003286970958
0.2604503376332559,0.24031044415212985,0.25085754709756,0.24838167111705434
0.24443129703156796,0.23175585420568565,0.26740710051862004,0.2564057482441264
0.2487030816314436,0.2498424494786995,0.25205631023171693,0.24939815865813997
0.23919408837564196,0.2262390663879141,0.27693009706881183,0.2576367481676321
0.24373133569066738,0.2476874599405844,0.25813432448591994,0.2504468798828283
0.24195612387520013,0.2465333267895622,0.2604740060481027,0.25103654328713493
0.2460477729227283,0.23761282418004603,0.26112071103664675,0.25521869186057894
0.2575618463144216,0.24604058075350033,0.24875828090230867,0.24763929202976942
0.25604943903520716,0.24742713565560626,0.24882361421674604,0.24769981109244057
0.24497463877646106,0.254493444776485,0.2524119044574448,0.24812001198960912
0.24909535215675685,0.25285004793069155,0.2500983177101446,0.24795628220240695
0.257672724522576,0.2349782559400144,0.2558932090140101,0.25145581052339955
0.24737699741450977,0.255726868408175,0.24958759557969726,0.24730853859761792
0.24870984943414207,0.25023297321895227,0.25207399167558914,0.2489831856713165
0.2468604769507157,0.2570139126035584,0.24909004762567458,0.24703556282005132
0.24196141690875428,0.23630573401820776,0.2680422526396276,0.2536905964334104
0.24598469103839846,0.24788998431447037,0.2558081282770249,0.2503171963701063
0.23773127771938987,0.2373966626017685,0.2702202984508162,0.2546517612280254
0.2598427849222372,0.23859554625817292,0.25282578335914063,0.24873588546044925
0.25275816701357007,0.24317158153395688,0.2545687724330442,0.24950147901942887
0.24380214218232946,0.2443585097300622,0.2596408674431641,0.2521984806444441
0.2412839340528232,0.24791783544850768,0.2603074414932311,0.25049078900543803
0.24630057093154537,0.2443179768676813,0.2579235404320145,0.2514579117687589
0.24410821394308382,0.2406855953822048,0.26258456903499316,0.2526216216397182
0.2581884149822309,0.246488558533867,0.24821092253220886,0.24711210395169314
0.24926655882249948,0.24558423461339077,0.25521529342414095,0.2499339131399688
0.24366110448189207,0.25269540708113736,0.2538967220621508,0.24974676637481982
0.2469016514723867,0.23892904143915772,0.2628345529542388,0.25133475413421674
0.25979602678874614,0.2401812955744049,0.25112695490840026,0.24889572272844873
0.24516332570609486,0.2556828974396179,0.25109722006612134,0.24805655678816588
0.2593799527395764,0.23800667061536274,0.2523458165835388,0.2502675600615221
0.24258759118314258,0.22769889825965042,0.27022583177807497,0.259487678779132
0.24128248051405243,0.2398086820468122,0.2656463507262133,0.2532624867129221
0.25079706496645904,0.23451135916518054,0.26175107065767783,0.25294050521068273
0.24224477339314096,0.24304034461334145,0.2618611922084123,0.2528536897851053
0.24495992104001707,0.24550631313154048,0.258239253724802,0.25129451210364045
0.24929220595062407,0.24568966885582366,0.2547345624095272,0.25028356278402497
0.24369990399094696,0.2541314659334407,0.25293391469147114,0.24923471538414124
0.24069071012664597,0.24660387590802976,0.2612802820138777,0.25142513195144667
0.2386850666181475,0.22528719377688133,0.27574562551377685,0.26028211409119434
0.24287177715841593,0.24916297719001537,0.2555700624807536,0.25239518317081494
0.25266562189731306,0.23772670033312934,0.2574335952710483,0.25217408249850926
0.24750473842804077,0.24385837976627114,0.2581227420519577,0.2505141397537304
0.24943046343792688,0.24317002990432615,0.2563538120891681,0.2510456945685789
0.24587353357693686,0.25725970265394293,0.24996481772156473,0.24690194604755555
0.2434504396944501,0.22698292237868242,0.2719496951952337,0.25761694273163377
0.2431140719000369,0.24810273771427171,0.25808108388018314,0.2507021065055082
0.23756575584296402,0.2247342604074706,0.2766190424724947,0.26108094127707066
0.23957898814013,0.23765502836429397,0.2688984966707371,0.25386748682483895
0.24441686904231893,0.24133598959430738,0.2613263916427451,0.25292074972062856
0.2573633381863291,0.24593794451152473,0.24923326986611885,0.2474654474360273
0.2479847950961778,0.25229989071234676,0.2513968924245695,0.24831842176690597
0.24643700645277056,0.25789336543794295,0.24911890727963312,0.24655072082965326
0.24443329085141755,0.22497098777502042,0.27291796259143636,0.2576777587821258
0.24808499708070417,0.24722567837277507,0.2554928182774587,0.24919650626906206
0.24374751158073812,0.25190671456756336,0.2548205064697719,0.2495252673819266
0.25047627997487554,0.2405371508154914,0.25870433244899005,0.25028223676064304
0.2488108823906161,0.23850951730146455,0.2601220366380595,0.2525575636698598
0.2555479158640855,0.25018612236672627,0.24763882283064362,0.24662713893854446
0.2571448411759503,0.24414696024085095,0.25064303690164846,0.24806516168155013
0.24826038184809765,0.2570241500797414,0.24783864436583616,0.24687682370632483
0.25977423976295844,0.2370868589033924,0.2543367378698892,0.24880216346375997
0.26173751333538026,0.24073718637218758,0.25029048098489043,0.24723481930754174
0.24222208602605114,0.22796552241058643,0.27338510777876635,0.25642728378459606
0.241069968244386,0.25003819696419355,0.25820610597597254,0.2506857288154479
0.24859052646211932,0.24739019374765256,0.25464359706536394,0.24937568272486418
0.2451891344480915,0.22961660278722484,0.26903380945389405,0.25616045331078957
0.2589452319332815,0.24126773482570033,0.2516246136005981,0.24816241964042005
0.24734342008108168,0.2453773839417739,0.25746541872838025,0.24981377724876416
0.2593124254448855,0.2459326199731409,0.24739739853736312,0.24735755604461043
0.24799115969728366,0.2538858973150865,0.25047131165683245,0.2476516313307974
0.24444851938678833,0.25232624793128894,0.25414509206189556,0.24908014062002717
0.23652244183088703,0.23494758622544673,0.27275642981642145,0.25577354212724474
0.23879320231533466,0.2418436215513898,0.26545434990812344,0.2539088262251521
0.24600233335582625,0.250446362880635,0.253419044721728,0.2501322590418108
0.2587803690227303,0.24223846520905035,0.24973673540026087,0.24924443036795849
0.24781589604285034,0.2498750871443164,0.253141937266937,0.24916707954589623
0.24116060527269564,0.23983707434703647,0.26477320328399007,0.2542291170962778
0.2612443585830972,0.24297152247498663,0.2495176645224608,0.24626645441945538
0.24978760163609434,0.24782554333916096,0.25300952989807873,0.249377325126666
0.2399419000284834,0.22929769269558142,0.27304407358978305,0.2577163336861522
0.2432025441601364,0.23827628386311658,0.265071624944006,0.2534495470327412
0.24385466195731528,0.25074499829427604,0.25522136157517544,0.25017897817323326
0.2404802610466521,0.24201427003692935,0.26331773259977004,0.25418773631664854
0.23962452352946415,0.24083423629279757,0.26570345473540563,0.25383778544233276
0.23889314307470888,0.23554219558985623,0.26836093309480763,0.25720372824062726
0.24421462873133412,0.2384189875814264,0.2633282261395728,0.2540381575476667
0.2460529876231116,0.2557048313517103,0.25013684418729115,0.24810533683788696
0.2486192422080431,0.25567596238047396,0.24843709136833972,0.24726770404314322
0.24774335338048592,0.25204853861198684,0.2513598437738305,0.24884826423369666
0.24429718074214735,0.25024181130991,0.25503055200716834,0.25043045594077434
0.24403637684060586,0.23754161373476243,0.26583892023210665,0.252583089192525
0.24455824826088698,0.2461217887908311,0.2579591152945461,0.2513608476537358
0.24769451594540948,0.24995946612580758,0.25310503374534393,0.249240984183439
0.24465687833472993,0.2459338592644069,0.25827336582509935,0.2511358965757639
0.24610257252187207,0.24516496406699503,0.25747568384120795,0.2512567795699249
0.24027922679524924,0.23963740699576352,0.26656976144161265,0.2535136047673746
0.2477323509598257,0.25740673534586933,0.24798149029941585,0.24687942339488902
0.2606840702651433,0.24399169461769332,0.24859225827612932,0.24673197684103407
0.24614847258214476,0.23070052124409088,0.268500776457216,0.25465022971654844
0.24513960328785156,0.25291401082898585,0.2532163279632911,0.24873005791987157
0.2443013960676277,0.2555337261635932,0.25223312164306516,0.24793175612571394
0.24373210507541485,0.2565572362231544,0.2520309972834023,0.24767966141802852
0.24597834144754618,0.2569247660276644,0.2493529527122987,0.24774393981249074
0.24862553548576957,0.2476076996910971,0.2532333730034935,0.25053339181963974
0.2464439025203674,0.2400430766522886,0.25935424908860133,0.25415877173874263
0.24392434222683756,0.24559823667413103,0.2575041515636878,0.25297326953534366
0.24350801470735509,0.24805779376023476,0.25739538317724653,0.2510388083551636
0.2513126614393228,0.24382235675311206,0.25408873598683607,0.250776245820729
0.24559536704232207,0.23096728736710156,0.26768958581404795,0.2557477597765285
0.24803063050196017,0.24277721039513692,0.25731198368093544,0.25188017542196744
0.2479147004900171,0.2575754475680589,0.2474761784940952,0.24703367344782878
0.2582909361425922,0.24097972606874715,0.2511541680438015,0.2495751697448592
0.24580235076231183,0.2414613186204038,0.26041991440496165,0.25231641621232276
0.2563200650688549,0.24875262449134394,0.24813047417039924,0.24679683626940194
0.2454552567427828,0.23797770763255588,0.2637357308603016,0.2528313047643597
0.24618789480860562,0.25160441144680845,0.2529586470069694,0.24924904673761653
0.24084416211005852,0.23648009595597544,0.2667207095886228,0.25595503234534317
0.24832278564603938,0.24758043172732236,0.2535468665733891,0.2505499160532491
0.24777231806685487,0.2536447791025729,0.2504208550447204,0.24816204778585185
0.2444727490319677,0.2409434419269764,0.2617845541938123,0.25279925484724364
0.24002362188477244,0.23969496616825917,0.26689337534787466,0.2533880365990937
0.24223246241742688,0.24968394701004537,0.2580698263281869,0.2500137642443409
0.2446453096276108,0.2448927741436938,0.25788841157486947,0.2525735046538259
0.24589871619497652,0.24749729544075297,0.255464539036288,0.2511394493279825
0.24608608658126715,0.24786450802147056,0.2552356961904872,0.2508137092067751
0.24780533700068963,0.24811871336728428,0.25374429985206337,0.2503316497799627
0.24350207752291467,0.24585195018871378,0.2596976936199416,0.2509482786684299
0.2505109950963824,0.24797275962771004,0.2524343573506589,0.24908188792524866
0.2544020618117105,0.24981524455651383,0.24765379783624583,0.24812889579552988
0.2473538271066632,0.25583542263281916,0.24921348438933577,0.2475972658711819
0.24680553800603347,0.24930771250141884,0.2542861724663394,0.24960057702620828
0.24390801053747801,0.24891426644013911,0.2561734041519366,0.2510043188704463
0.2410539664733772,0.23576625311186872,0.268446531263901,0.2547332491508531
0.24248381884103418,0.24659070654934886,0.25882068243837236,0.2521047921712446
0.24430360732546244,0.2549964259808155,0.25177819000346274,0.24892177669025925
0.24448690331437942,0.2441049090801368,0.26009408841167597,0.2513140991938078
0.24580867972289924,0.2580060720391889,0.24893300424647877,0.24725224399143306
0.25398595676643776,0.2503045620768833,0.24769074009646677,0.24801874106021218
0.24464064435216024,0.25502442368632944,0.25156099392692766,0.2487739380345827
0.24661197188336662,0.24184895369701417,0.2575639526028762,0.25397512181674303
0.24180104156885232,0.23499743309131324,0.26927410692074044,0.253927418419094
0.24196324412061418,0.24492820932438922,0.26111386338806214,0.2519946831669346
0.2567695607667116,0.23904124616761993,0.2532506554297495,0.25093853763591895
0.2455518582699512,0.24341750693699657,0.2594851955340067,0.2515454392590455
0.24265229873645358,0.23515163455366142,0.26706709447318505,0.2551289722366999
0.24471254447090462,0.22757788438402346,0.26925428929229955,0.2584552818527724
0.2487196194953639,0.2477353834275949,0.2542114433734533,0.24933355370358798
0.2485044580604432,0.24894889515982935,0.2527425469715852,0.24980409980814225
0.24281202420542894,0.22713148103624384,0.271992314850566,0.25806417990776115
0.2464690424579904,0.250848838644955,0.25335211532547636,0.2493300035715781
0.2570917964647755,0.24940984522693455,0.2470329305831053,0.24646542772518473
0.2488217575313695,0.24419157013047146,0.25592383295466076,0.2510628393834982
0.2598883310424788,0.23686265249709307,0.25382937461773825,0.24941964184268983
0.24398716981217253,0.23027808201076605,0.26945966828419293,0.2562750798928685
0.2462920067962522,0.2533876570977109,0.25172573593308495,0.2485946001729519
0.23674059024235072,0.22228108277839365,0.2797201914838835,0.2612581354953722
0.26139989985899337,0.2381391461018958,0.25224239948048005,0.24821855455863076
0.24376407311146997,0.24150970057671528,0.26232751572717133,0.2523987105846435
0.2423272886737811,0.23491140494292814,0.26793768057039213,0.2548236258128987
0.24491145617267548,0.2419927349421693,0.2594226026080596,0.2536732062770956
0.24207373479119051,0.24745898548196885,0.2588709293933994,0.25159635033344124
0.244267710021514,0.2449498394200225,0.25917025692762924,0.25161219363083415
0.2603502127651301,0.24072919157206332,0.2515192329146477,0.24740136274815894
0.2491966370514581,0.2364907870194395,0.2615109679930054,0.252801607936097
0.24727401391503354,0.24414548036497993,0.25667421328947665,0.2519062924305098
0.245195768426989,0.24775799923891362,0.254882979929321,0.25216325240477633
0.24402745134326195,0.24550194347672483,0.2585410043885754,0.25192960079143784
0.2460943802132662,0.2536890038404689,0.2519314309349418,0.24828518501132313
0.24729906855816916,0.25765420386493837,0.24809251161331825,0.24695421596357434
0.24657116337762816,0.2550945152633528,0.2501986289958387,0.24813569236318045
0.24341428995995792,0.24560014221258034,0.25907090831337004,0.2519146595140917
0.24330900722424842,0.255029871072005,0.25207005728519455,0.24959106441855214
0.23941456324778135,0.23463178879360633,0.26976702243465567,0.2561866255239567
0.25504607531601053,0.245755510706095,0.25080912485564094,0.24838928912225347
0.24557648731345372,0.25411656375296676,0.2514122854132396,0.24889466352033987
0.2466128092298531,0.252547315006409,0.25171372747139675,0.24912614829234114
0.2467053322990378,0.2557594088458494,0.24963062685795534,0.24790463199715732
0.24594860530558701,0.23704881948686551,0.26064905585010273,0.2563535193574447
0.24728770734164982,0.24822330840546067,0.2539924047257188,0.25049657952717075
0.25762601484037445,0.24313140383268553,0.25161057247274504,0.24763200885419492
0.25752228628466173,0.2446670836443818,0.24998571014283058,0.24782491992812591
0.2578210381229925,0.24428870669580446,0.2506347102064255,0.24725554497477753
0.25959007749980817,0.24245278405447457,0.25004234210325105,0.24791479634246616
0.25695528498350517,0.23882479832657713,0.25485662754200106,0.2493632891479166
0.2567010051288463,0.24370557027061926,0.2511821245880462,0.24841130001248832
0.25424220557860744,0.236873489348413,0.2583395217854059,0.2505447832875736
0.2518129984019866,0.23465122321374102,0.2614378457820315,0.252097932602241
0.25543249422022457,0.2402013691010182,0.2548502167042278,0.2495159199745294
0.24780151736348385,0.2378829066342318,0.26184292150500965,0.2524726544972746
0.25899737087501723,0.24414358297657654,0.24923027266436515,0.24762877348404114
0.2504817553464777,0.2397668955904253,0.2573638097656672,0.2523875392974298
0.25815938572781955,0.24511752053006053,0.24930213487420305,0.2474209588679169
0.25826981383394926,0.24267504735178747,0.2518289108257905,0.24722622798847282
0.25191226553604196,0.2375177026243139,0.25759737252845016,0.2529726593111939
0.2556942330347371,0.24141116682433797,0.2533788613382354,0.24951573880268954
0.2591218007827191,0.24050339199163503,0.25210738464466204,0.2482674225809839
0.25153247073425267,0.23347595015533015,0.2625883631235894,0.2524032159868279
0.2547715524636455,0.24550854926085344,0.2513334512271924,0.2483864470483086
0.2554013067786115,0.25191906692639077,0.24635476912021062,0.2463248571747871
0.2565718087717839,0.24112695164815542,0.2537535036480729,0.24854773593198765
0.26031844831728096,0.24153126317715137,0.25145441991613676,0.24669586858943085
0.2574221206498505,0.24105865603640664,0.2523052426697587,0.24921398064398415
0.2591333913163145,0.24093922974316254,0.25246792197006573,0.24745945697045724
0.2574047336997165,0.24415800204573568,0.25102175501590435,0.24741550923864344
0.2572912345766406,0.24235680693121983,0.25190597663422726,0.24844598185791225
0.2434670109483742,0.22897051311921487,0.27176035882236776,0.2558021171100433
0.25585174034487895,0.24389878467765477,0.25159340742006997,0.24865606755739633
0.25595271980989415,0.2458017546913773,0.2501602597344852,0.2480852657642433
0.2563358001531754,0.250269209485444,0.24696488211119957,0.24643010825018097
0.25451722065987165,0.2430090612681727,0.2536636551440226,0.24881006292793306
0.25936175077237367,0.24354943863730252,0.2501503213778826,0.24693848921244121
0.2564926874743555,0.24159399406861445,0.25326956858169714,0.2486437498753329
0.25576104995865545,0.24355542780662384,0.25275071253587983,0.24793280969884082
0.2453294067711094,0.23350883250285573,0.26400419872001396,0.2571575620060209
0.2587708949169237,0.24398562880691657,0.2498732622634545,0.24737021401270523
0.2542515097009572,0.2506195183844065,0.2481617277692426,0.24696724414539364
0.24583866719087943,0.23579076602591928,0.2645692246934272,0.25380134208977406
0.2502213047610928,0.23250686608778467,0.26278243171870086,0.25448939743242177
0.2581161559384442,0.24291547564431215,0.2507954097268831,0.2481729586903605
0.25016586937175994,0.24020498814640046,0.2575791493955515,0.2520499930862882
0.25207296118461514,0.2438587780118251,0.2550927810235603,0.24897547977999954
0.2572059553076568,0.23889623219225112,0.25569366640035734,0.24820414609973476
0.25775654978307067,0.24230445350597432,0.2520905928763349,0.24784840383462015
0.2562437656029986,0.24305662268147557,0.2515420861488991,0.24915752556662674
0.2533087168918899,0.240615248171378,0.2558463401561907,0.2502296947805414
0.25251087435248626,0.24513305159561102,0.25324282199682674,0.24911325205507606
0.2542135511479368,0.25161878791006687,0.24718118911862622,0.24698647182337022
0.2536673829398937,0.25075350493061827,0.2484176425115232,0.2471614696179649
